[ MESH_DATA ]
106
186
0
0
[ VERTEX_DATA ]
-14.9432 3.20354 7.03804
-0.00488361 -7.06252e-008 0.999988
0.713811 0.9256
-3.10833e-007 3.20354 7.11102
-3.20169e-008 -7.0626e-008 1
0.438235 0.9256
-3.10833e-007 0 7.11102
-3.18687e-008 0 1
0.438235 1.00219
-14.9432 0 7.03804
-0.00488361 0 0.999988
0.713811 1.00219
-14.9432 13.3309 7.03804
-0.00488361 -1.4125e-007 0.999988
0.289706 -0.00311005
-3.10833e-007 13.3309 7.11102
-3.21651e-008 -1.41252e-007 1
0.487778 -0.00311005
-3.10833e-007 3.20354 7.11102
-3.20169e-008 -7.0626e-008 1
0.487778 0.237159
-14.9432 3.20354 7.03804
-0.00488361 -7.06252e-008 0.999988
0.289706 0.237159
3.10833e-007 -0.056411 -7.11103
5.43381e-008 0 -1
0.208379 0.544534
3.10833e-007 6.26924 -7.11103
5.43381e-008 0 -1
0.208379 0.46479
-8.77538 6.26924 -7.11103
1.63014e-007 0 -1
0.0819677 0.46479
-8.77538 -0.056411 -7.11103
1.63014e-007 0 -1
0.0819678 0.544534
-8.77538 6.26924 -7.11103
-0.906188 1.36635e-007 -0.422874
0.00911509 0.46479
-10.7949 6.26924 -2.7833
-0.906188 2.32251e-007 -0.422874
0.0985374 0.46479
-10.7949 -0.0564112 -2.7833
-0.906188 9.56155e-008 -0.422874
0.0985373 0.544534
-8.77538 -0.056411 -7.11103
-0.906188 0 -0.422875
0.00911509 0.544534
6.30586e-008 13.0223 -1.44261
4.75431e-008 0 -1
0.568818 0.157492
6.30586e-008 21.5615 -1.44261
4.75801e-008 0 -1
0.568818 -0.0172334
-8.77209 21.5615 -1.44963
-0.379063 0 -0.925371
0.381307 -0.0172334
-8.77209 13.0223 -1.44963
-0.379063 0 -0.925371
0.381307 0.157492
-8.77209 13.0223 -1.44963
-0.379063 0 -0.925371
0.00847551 0.157492
-8.77209 21.5615 -1.44963
-0.379063 0 -0.925371
0.00847551 -0.0172334
-12.4086 21.5615 2.13613
-0.702118 0 -0.712061
0.118467 -0.0172334
-12.4086 13.0223 2.13613
-0.702118 0 -0.712061
0.118467 0.157492
-12.4086 21.5615 2.13613
0 1 0
1.00128 0.923806
-8.77209 21.5615 -1.44963
0 1 0
1.00128 1.00394
-8.77209 21.5615 5.78504
0 1 0
0.891086 0.923806
-8.77209 13.0223 5.78504
-0.708307 0 0.705905
0.00847551 0.157492
-12.4086 13.0223 2.13613
-0.708307 0 0.705905
0.118467 0.157492
-12.4086 21.5615 2.13613
-0.708307 0 0.705905
0.118467 -0.0172334
-8.77209 21.5615 5.78504
-0.708307 0 0.705905
0.00847551 -0.0172334
-14.9969 3.20354 -2.80139
-0.00333357 -1.31991e-007 -0.999994
0.324885 0.925605
-14.9969 0 -2.80139
-0.0033336 -2.23269e-007 -0.999994
0.324885 1.00219
1.24638e-007 0 -2.85138
4.77286e-008 -2.9916e-008 -1
0.459458 1.00219
1.24638e-007 3.20354 -2.85138
4.77286e-008 -1.3354e-008 -1
0.459458 0.925605
-14.9969 13.3309 -2.80139
-0.00333354 -4.39206e-008 -0.999994
0.635434 -0.00311005
-14.9969 3.20354 -2.80139
-0.00333357 -1.31991e-007 -0.999994
0.635434 0.237159
1.24638e-007 3.20354 -2.85138
4.77286e-008 -1.3354e-008 -1
0.35246 0.237159
1.24638e-007 13.3309 -2.85138
4.77286e-008 0 -1
0.35246 -0.00311005
-14.9432 13.3309 7.03804
1.27352e-007 1 -4.35611e-010
0.890918 1.00394
-14.9969 13.3309 -2.80139
1.2718e-007 1 -6.94579e-010
0.890918 0.923806
1.24638e-007 13.3309 -2.85138
9.06615e-015 1 -2.57583e-010
1.06314 0.923806
-3.10833e-007 13.3309 7.11102
0 1 2.78966e-015
1.06379 1.00394
1.21662e-007 6.26924 -2.7833
0 1 0
0.661815 0.999682
-10.7949 6.26924 -2.7833
0 1 0
0.716895 0.999682
-8.77538 6.26924 -7.11103
0 1 0
0.716895 0.96384
3.10833e-007 6.26924 -7.11103
0 1 0
0.662047 0.96384
-8.77209 21.5615 5.78504
0 1 0
0.999433 1.00394
-8.77209 21.5615 -1.44963
0 1 0
0.999433 0.923806
6.30586e-008 21.5615 -1.44261
0 1 0
0.946511 0.923806
-2.53179e-007 21.5615 5.79207
0 1 0
0.946511 1.00394
-8.77209 13.0223 5.78504
-0.000800482 0 1
0.568818 0.157492
-8.77209 21.5615 5.78504
-0.000800482 0 1
0.568818 -0.0172334
-2.53179e-007 21.5615 5.79207
-5.43243e-008 0 1
0.381307 -0.0172334
-2.53179e-007 13.0223 5.79207
-5.43243e-008 0 1
0.381307 0.157492
-14.9969 3.20354 -2.80139
-0.999985 6.8036e-010 0.00546128
0.713811 0.9256
-14.9432 3.20354 7.03804
-0.999985 -9.11187e-011 0.00546128
0.438235 0.9256
-14.9432 0 7.03804
-0.999985 2.4433e-010 0.00546128
0.438235 1.00219
-14.9969 0 -2.80139
-0.999985 1.21934e-009 0.00546128
0.713811 1.00219
-14.9969 13.3309 -2.80139
-0.999985 -2.03471e-010 0.00546128
0.380146 -0.00311005
-14.9432 13.3309 7.03804
-0.999985 -7.71417e-010 0.00546128
0.591137 -0.00311005
-14.9432 3.20354 7.03804
-0.999985 -9.11187e-011 0.00546128
0.591137 0.237159
-14.9969 3.20354 -2.80139
-0.999985 6.8036e-010 0.00546128
0.380146 0.237159
14.9432 3.20354 7.03804
0.00488355 -7.06252e-008 0.999988
0.713811 0.9256
14.9432 0 7.03804
0.00488355 0 0.999988
0.713811 1.00219
14.9432 13.3309 7.03804
0.00488355 -1.4125e-007 0.999988
0.289706 -0.00311005
14.9432 3.20354 7.03804
0.00488355 -7.06252e-008 0.999988
0.289706 0.237159
8.77538 6.26924 -7.11103
-5.43381e-008 0 -1
0.0819677 0.46479
8.77538 -0.056411 -7.11103
-5.43381e-008 0 -1
0.0819678 0.544534
8.77538 6.26924 -7.11103
0.906188 2.1701e-007 -0.422874
0.00911509 0.46479
10.7949 -0.0564112 -2.7833
0.906188 1.51861e-007 -0.422874
0.0985373 0.544534
10.7949 6.26924 -2.7833
0.906188 3.6887e-007 -0.422874
0.0985374 0.46479
8.77538 -0.056411 -7.11103
0.906188 0 -0.422875
0.00911509 0.544534
8.77209 21.5615 -1.44963
0.379063 0 -0.925371
0.381307 -0.0172334
8.77209 13.0223 -1.44963
0.379063 0 -0.925371
0.381307 0.157492
8.77209 13.0223 -1.44963
0.379063 0 -0.925371
0.00847551 0.157492
12.4086 21.5615 2.13613
0.702118 0 -0.712061
0.118467 -0.0172334
8.77209 21.5615 -1.44963
0.379063 0 -0.925371
0.00847551 -0.0172334
12.4086 13.0223 2.13613
0.702118 0 -0.712061
0.118467 0.157492
12.4086 21.5615 2.13613
0 1 0
1.00128 0.923806
8.77209 21.5615 5.78504
0 1 0
0.891086 0.923806
8.77209 21.5615 -1.44963
0 1 0
1.00128 1.00394
8.77209 13.0223 5.78504
0.708307 0 0.705905
0.00847551 0.157492
12.4086 21.5615 2.13613
0.708307 0 0.705905
0.118467 -0.0172334
12.4086 13.0223 2.13613
0.708307 0 0.705905
0.118467 0.157492
8.77209 21.5615 5.78504
0.708307 0 0.705905
0.00847551 -0.0172334
14.9969 3.20354 -2.80139
0.00333367 -1.32018e-007 -0.999994
0.324885 0.925605
14.9969 0 -2.80139
0.0033337 -2.23315e-007 -0.999994
0.324885 1.00219
14.9969 13.3309 -2.80139
0.00333363 -4.39297e-008 -0.999994
0.635434 -0.00311005
14.9969 3.20354 -2.80139
0.00333367 -1.32018e-007 -0.999994
0.635434 0.237159
14.9432 13.3309 7.03804
-1.27352e-007 1 -4.35613e-010
0.890918 1.00394
14.9969 13.3309 -2.80139
-1.2718e-007 1 -6.94579e-010
0.890918 0.923806
8.77538 6.26924 -7.11103
0 1 0
0.716895 0.96384
10.7949 6.26924 -2.7833
0 1 0
0.716895 0.999682
8.77209 21.5615 5.78504
0 1 0
0.999433 1.00394
8.77209 21.5615 -1.44963
0 1 0
0.999433 0.923806
8.77209 13.0223 5.78504
0.000800373 0 1
0.568818 0.157492
8.77209 21.5615 5.78504
0.000800373 0 1
0.568818 -0.0172334
14.9969 3.20354 -2.80139
0.999985 6.8036e-010 0.00546128
0.713811 0.9256
14.9432 0 7.03804
0.999985 2.4433e-010 0.00546128
0.438235 1.00219
14.9432 3.20354 7.03804
0.999985 -9.11187e-011 0.00546128
0.438235 0.9256
14.9969 0 -2.80139
0.999985 1.21934e-009 0.00546128
0.713811 1.00219
14.9969 13.3309 -2.80139
0.999985 -2.03471e-010 0.00546128
0.380146 -0.00311005
14.9432 3.20354 7.03804
0.999985 -9.11187e-011 0.00546128
0.591137 0.237159
14.9432 13.3309 7.03804
0.999985 -7.71417e-010 0.00546128
0.591137 -0.00311005
14.9969 3.20354 -2.80139
0.999985 6.8036e-010 0.00546128
0.380146 0.237159
[ INDEX_DATA ]
0 2 1
2 0 3
4 6 5
6 4 7
8 10 9
10 8 11
12 14 13
14 12 15
16 18 17
18 16 19
20 22 21
22 20 23
24 26 25
27 29 28
29 27 30
31 33 32
33 31 34
35 37 36
37 35 38
39 41 40
41 39 42
43 45 44
45 43 46
47 49 48
49 47 50
51 53 52
53 51 54
55 57 56
57 55 58
59 61 60
61 59 62
63 1 2
2 64 63
65 5 6
6 66 65
8 9 67
67 68 8
69 71 70
70 72 69
16 17 73
73 74 16
75 77 76
76 78 75
79 81 80
82 84 83
83 85 82
86 87 33
33 34 86
88 89 37
37 38 88
90 91 41
41 42 90
43 93 92
92 46 43
94 95 49
49 50 94
96 97 53
53 54 96
98 100 99
99 101 98
102 104 103
103 105 102
